-0.242
-0.174
-0.179
-0.193
-0.197
-0.175
-0.145
-0.146
-0.131
-0.105
-0.113
-0.134
-0.15
-0.198
-0.097
-0.16
-0.188
-0.203
-0.212
-0.152
-0.17
-0.169
-0.186
-0.198
-0.275
-0.195
-0.088
-0.117
-0.124
-0.139
-0.148
-0.149
-0.085
-0.117
-0.113
-0.168
-0.129
-0.034
-0.058
-0.09
-0.142
-0.194
-0.164
-0.171
-0.18
-0.169
-0.107
-0.207
-0.156
-0.098
-0.042
-0.117
-0.161
-0.175
-0.155
-0.128
-0.192
-0.227
-0.253
-0.18
-0.126
-0.146
-0.027
-0.081
-0.136
-0.133
-0.133
-0.122
-0.164
-0.132
-0.202
-0.201
-0.153
-0.207
-0.21
-0.178
-0.249
-0.224
-0.176
-0.186
-0.189
-0.221
-0.214
-0.235
-0.068
-0.113
-0.179
-0.181
-0.188
-0.185
-0.203
-0.201
-0.183
-0.193
-0.253
-0.137
-0.22
-0.271
-0.161
-0.184
-0.219
-0.212
-0.185
-0.198
-0.201
-0.199
-0.211
-0.229
-0.166
-0.14
-0.082
-0.135
-0.176
-0.148
-0.155
-0.198
-0.164
-0.099
-0.159
-0.156
-0.141
-0.271
-0.119
-0.178
-0.167
-0.142
-0.167
-0.204
-0.201
-0.178
-0.177
-0.262
-0.227
-0.189
-0.24
-0.181
-0.185
-0.163
-0.173
-0.149
-0.14
-0.187
-0.141
-0.18
-0.041
-0.095
-0.082
-0.084
-0.087
-0.136
-0.136
-0.104
-0.122
-0.077
-0.092
0.006
-0.074
0.015
-0.097
-0.071
-0.106
-0.182
-0.158
-0.164
-0.128
-0.172
-0.177
-0.18
-0.047
-0.137
-0.14
-0.16
-0.206
-0.215
-0.179
-0.198
-0.201
-0.181
-0.232
-0.204
-0.214
-0.177
-0.24
-0.19
-0.197
-0.203
-0.151
-0.195
-0.18
-0.153
-0.174
-0.183
-0.239
-0.21
-0.115
-0.12
-0.13
-0.081
-0.13
-0.104
-0.073
-0.077
-0.052
-0.122
-0.163
-0.155
-0.146
-0.138
-0.109
-0.157
-0.148
-0.161
-0.122
-0.129
-0.18
-0.168
-0.172
-0.18
-0.186
-0.202
-0.161
-0.151
-0.203
-0.149
-0.189
-0.166
-0.153
-0.137
-0.123
-0.223
-0.152
-0.209
-0.145
-0.151
-0.103
-0.174
-0.155
-0.129
-0.192
-0.146
-0.239
-0.128
-0.219
-0.245
-0.167
-0.102
-0.121
-0.171
-0.158
-0.144
-0.186
-0.131
-0.208
-0.204
-0.259
-0.114
-0.185
-0.178
-0.185
-0.192
-0.149
-0.135
-0.095
-0.204
-0.205
-0.226
-0.21
-0.178
-0.203
-0.172
-0.182
-0.219
-0.192
-0.205
-0.241
-0.232
-0.275
-0.159
-0.125
-0.135
-0.087
-0.124
-0.145
-0.158
-0.161
-0.117
-0.141
-0.107
-0.108
-0.095
-0.085
-0.071
-0.176
-0.148
-0.182
-0.174
-0.21
-0.169
-0.092
-0.186
-0.175
-0.091
-0.216
-0.145
-0.203
-0.136
-0.188
-0.161
-0.17
-0.129
-0.095
-0.104
-0.184
-0.146
-0.146
-0.129
-0.158
-0.151
-0.158
-0.137
-0.183
-0.172
-0.177
-0.156
-0.147
-0.216
-0.231
-0.169
-0.176
-0.145
-0.127
-0.168
-0.125
-0.16
-0.159
-0.192
-0.114
-0.137
-0.079
-0.111
-0.142
-0.133
-0.136
-0.125
-0.097
-0.093
-0.083
-0.119
-0.132
-0.101
-0.195
-0.129
-0.106
-0.133
-0.13
-0.149
-0.161
-0.169
-0.174
-0.149
-0.184
-0.128
-0.186
-0.108
-0.081
-0.118
-0.118
-0.094
-0.061
-0.129
-0.162
-0.177
-0.184
-0.268
-0.179
-0.142
-0.203
-0.154
-0.127
-0.146
-0.167
-0.19
-0.192
-0.153
-0.193
-0.137
-0.134
-0.132
-0.118
-0.127
-0.151
-0.149
-0.116
-0.16
-0.125
-0.153
-0.105
-0.152
-0.122
-0.062
-0.094
-0.105
-0.124
-0.094
-0.14
-0.12
-0.162
-0.113
-0.175
-0.052
-0.125
-0.151
-0.1
-0.124
-0.127
-0.104
-0.103
-0.096
-0.113
-0.122
-0.187
-0.101
-0.076
-0.16
-0.1
-0.114
-0.087
-0.119
-0.131
-0.123
-0.107
-0.04
-0.114
-0.006
-0.042
-0.102
-0.097
-0.066
-0.097
-0.131
-0.152
-0.138
-0.177
-0.143
-0.184
-0.29
-0.234
-0.172
-0.161
-0.166
-0.17
-0.119
-0.064
-0.102
-0.046
-0.116
-0.038
-0.04
-0.039
-0.087
-0.109
-0.096
-0.13
-0.11
-0.082
-0.102
-0.089
0.076
0.069
0.137
0.126
0.008
-0.054
-0.121
-0.066
-0.107
-0.061
-0.053
-0.019
0.036
-0.035
0.003
-0.122
-0.007
-0.127
-0.142
-0.115
-0.131
-0.116
-0.126
-0.134
-0.177
-0.083
-0.11
-0.076
-0.099
-0.112
-0.09
-0.109
-0.131
-0.094
-0.093
-0.101
-0.092
-0.15
-0.119
-0.125
-0.145
-0.097
-0.108
-0.091
-0.143
-0.103
-0.126
-0.083
-0.104
-0.144
-0.159
-0.173
-0.184
-0.148
-0.096
-0.087
-0.116
-0.085
-0.074
-0.11
-0.043
-0.163
-0.152
-0.176
-0.129
-0.103
-0.151
-0.124
-0.14
-0.103
-0.117
-0.077
-0.092
-0.156
-0.113
-0.07
-0.145
-0.084
-0.093
-0.167
-0.14
-0.14
-0.117
-0.156
-0.149
-0.108
-0.177
-0.14
-0.047
-0.112
-0.069
-0.087
-0.11
-0.112
-0.135
-0.138
-0.122
-0.159
-0.107
-0.07
-0.114
-0.084
-0.047
-0.115
-0.122
-0.085
-0.144
-0.119
-0.18
-0.172
-0.174
-0.195
-0.126
-0.109
-0.087
-0.066
-0.125
-0.109
-0.086
-0.074
-0.012
-0.132
-0.088
-0.119
-0.078
-0.051
-0.035
-0.06
-0.049
-0.048
-0.05
0.006
-0.021
0.033
-0.073
-0.073
-0.038
-0.094
-0.072
-0.081
-0.088
-0.088
-0.096
-0.022
-0.003
-0.053
-0.183
-0.119
-0.126
-0.121
-0.13
-0.094
-0.128
-0.073
-0.111
-0.061
-0.165
-0.071
-0.095
-0.045
-0.068
-0.069
-0.108
-0.118
-0.11
-0.143
-0.141
-0.107
-0.101
-0.138
-0.177
-0.134
-0.129
-0.106
-0.099
-0.139
-0.1
-0.125
-0.166
-0.156
-0.061
-0.013
-0.107
-0.17
-0.074
-0.051
-0.084
-0.084
-0.11
-0.128
-0.126
-0.141
-0.174
-0.114
-0.076
-0.1
-0.059
-0.002
-0.05
-0.036
-0.067
-0.024
-0.007
-0.025
-0.015
-0.025
0.113
0.05
0.026
-0.023
-0.029
-0.054
-0.015
-0.018
0.008
-0.058
-0.006
-0.016
0.012
-0.122
-0.035
-0.1
-0.108
-0.045
-0.043
-0.048
-0.019
-0.064
-0.058
-0.068
-0.113
-0.115
-0.148
-0.161
-0.069
-0.1
-0.116
-0.091
-0.117
-0.083
-0.092
-0.083
-0.131
-0.109
-0.09
-0.148
-0.063
-0.069
-0.079
-0.073
-0.117
-0.077
-0.089
-0.114
-0.009
-0.097
-0.163
-0.1
-0.072
-0.066
-0.064
-0.052
0.008
-0.074
-0.049
-0.077
0
-0.115
-0.01
-0.045
-0.035
-0.057
-0.079
-0.045
-0.056
-0.01
-0.028
-0.08
-0.159
-0.161
-0.145
-0.112
-0.105
-0.145
-0.061
-0.055
-0.071
-0.055
-0.037
-0.022
-0.076
-0.033
0.011
-0.124
-0.066
-0.091
-0.052
-0.03
-0.044
0.07
0.067
-0.022
-0.079
-0.112
-0.014
-0.036
-0.06
-0.072
-0.043
-0.082
-0.062
0.003
-0.043
-0.041
-0.082
-0.021
-0.007
-0.045
-0.017
-0.048
-0.046
-0.042
-0.083
0.012
-0.085
-0.059
-0.006
-0.039
-0.093
-0.084
-0.05
-0.066
-0.058
-0.048
-0.068
-0.061
-0.046
0.094
0.134
-0.024
-0.029
-0.054
-0.054
-0.054
-0.049
-0.033
-0.025
0.015
0.015
0.036
-0.006
-0.012
-0.138
-0.087
-0.087
-0.078
-0.088
-0.079
-0.053
0
0.015
-0.095
-0.183
-0.189
-0.117
-0.087
-0.096
-0.091
-0.055
-0.039
-0.074
-0.074
-0.085
-0.102
-0.079
-0.091
-0.071
-0.051
-0.017
-0.045
-0.006
-0.021
0.066
0.079
0.073
0.051
0.11
-0.055
-0.135
-0.081
-0.057
-0.097
-0.076
-0.131
-0.089
-0.089
-0.064
-0.01
-0.119
0.023
-0.01
-0.069
-0.032
-0.072
-0.064
-0.03
-0.038
-0.04
-0.085
-0.135
-0.07
-0.033
-0.026
-0.106
-0.069
-0.084
-0.079
-0.076
-0.096
-0.131
-0.153
-0.123
-0.079
-0.137
-0.068
-0.075
-0.084
0.013
-0.009
-0.006
-0.016
-0.006
0
-0.05
-0.146
-0.204
-0.166
-0.133
-0.093
-0.115
-0.067
-0.042
-0.062
-0.064
-0.028
0.09
0.024
0.074
0.041
-0.042
-0.127
-0.094
-0.058
-0.073
-0.032
-0.034
-0.104
0.005
-0.04
-0.015
-0.078
-0.051
-0.087
-0.091
-0.076
-0.064
-0.041
-0.07
-0.023
0.057
0.122
0.017
-0.053
-0.048
-0.054
-0.072
-0.015
-0.039
-0.053
-0.089
-0.04
-0.01
-0.076
-0.042
-0.065
-0.057
-0.09
-0.051
-0.085
-0.091
-0.05
0.009
-0.021
-0.019
-0.034
0.077
0.066
0.037
0.014
-0.03
-0.012
0.061
0.054
0.186
0.11
0.188
0.244
0.26
0.151
0.101
0.102
0.098
0.105
0.171
0.112
0.115
0.094
0.029
-0.043
-0.024
-0.078
-0.066
-0.008
0.05
0.038
0.073
-0.029
0.042
0.009
-0.041
-0.101
-0.1
-0.05
-0.091
-0.026
-0.045
-0.064
-0.012
-0.038
-0.034
-0.052
-0.019
0.119
0.108
0.005
-0.033
-0.044
-0.014
-0.012
-0.006
0.002
0.003
0.027
-0.077
-0.021
-0.03
-0.068
0.025
-0.035
-0.011
0.029
-0.012
0.011
0.024
-0.003
-0.065
-0.037
-0.058
0.002
-0.075
-0.127
-0.078
-0.067
-0.061
-0.05
-0.095
-0.116
-0.172
-0.152
-0.051
-0.029
-0.045
-0.023
-0.042
0.007
0.003
-0.032
-0.013
0.003
-0.041
-0.091
-0.082
0.008
-0.011
-0.035
0.001
0.016
0.009
-0.016
-0.046
-0.067
-0.089
-0.037
0.007
-0.114
-0.115
-0.038
-0.017
-0.027
-0.003
0.029
-0.031
0.012
0.014
0.146
0.166
0.054
0.053
0.026
0.013
0.019
-0.006
0.051
0.015
0.036
0.118
0.131
0.068
0.005
0.059
0.038
0.031
0.013
-0.006
0.026
0.018
-0.028
-0.056
-0.015
-0.048
-0.044
-0.039
-0.048
-0.014
-0.051
-0.052
-0.028
-0.055
-0.024
0.164
0.061
0.172
0.02
0.025
-0.005
0.004
0.019
0.018
-0.007
-0.043
-0.009
-0.055
0.103
0.056
-0.027
-0.002
-0.041
-0.011
-0.019
-0.005
-0.031
-0.051
0.037
0.143
-0.038
-0.037
-0.077
0.003
0.044
0.028
0.072
0.057
0.104
0.207
0.162
0.185
0.29
0.108
0.065
0.063
0.075
0.028
0.041
0.047
-0.035
-0.02
-0.108
-0.07
-0.06
0.006
-0.039
-0.057
-0.031
-0.025
-0.05
-0.031
-0.055
-0.053
-0.138
-0.094
0.058
-0.006
-0.025
-0.038
0.014
-0.034
-0.03
-0.01
-0.005
-0.07
-0.096
-0.057
-0.052
-0.001
-0.08
-0.003
-0.03
-0.013
-0.039
-0.013
-0.019
0.013
-0.037
-0.059
-0.084
-0.053
-0.039
-0.062
-0.045
-0.004
-0.002
0.017
0.011
0.055
0.116
0.02
0.032
-0.075
0.006
-0.028
-0.006
-0.027
0.025
0.007
0.016
-0.012
0.039
0.018
0
0.018
-0.033
-0.02
-0.011
-0.009
-0.004
0.032
0.023
0.007
0.032
0.08
0.061
0.04
0.002
0.049
-0.001
0.038
0.038
0.006
-0.003
-0.02
0.019
0.036
-0.016
0.072
0.207
0.111
0.034
0.052
0.065
0.043
0.054
-0.002
-0.037
-0.085
-0.077
-0.11
-0.075
-0.055
-0.043
-0.02
-0.009
-0.024
-0.059
-0.054
-0.103
-0.006
-0.053
-0.14
-0.096
-0.033
-0.017
0.043
0.059
0.047
-0.024
-0.012
-0.036
-0.103
-0.01
-0.042
-0.073
-0.008
0.061
0.009
0.027
0.021
0.056
-0.006
0.071
0.124
0.101
-0.005
0.073
-0.059
-0.035
-0.005
-0.009
-0.027
-0.024
-0.029
0.029
-0.033
-0.031
0.042
0.027
0.024
0.05
0.048
0.013
0.017
0.006
-0.014
-0.062
-0.057
-0.089
-0.03
0.014
-0.003
0.016
0.011
0.011
0.011
0.041
0.043
0.078
-0.073
-0.104
-0.066
-0.025
-0.02
0.007
0.031
0.004
0.016
0.024
0.018
-0.029
-0.014
-0.033
0.03
0.057
0.038
0.066
0.081
0.071
0.114
0.132
0.069
0.156
0.052
0.062
0.038
0.037
0.083
0.092
0.122
0.081
0.159
0.174
0.09
0.1
0.094
0.022
0.095
0.006
0.05
0.04
0.035
0.071
0.054
0.057
0.066
-0.004
0.146
0.195
0.083
0.079
0.072
0.07
0.052
0.09
0.089
0.032
0.056
0.001
-0.001
-0.034
0.048
0.027
0.044
0.045
0.048
0.063
0.052
0.109
0.11
0.061
0.109
0.134
0.148
0.113
